0 1.70 83.69 81.85 79.79 78.34 77.20 77.04 76.26 76.13 75.59 75.32 75.03 74.58 72.82
0 1.65 87.04 85.20 83.01 81.36 80.33 80.30 79.34 79.19 78.52 78.30 78.12 77.73 75.65
1 1.80 95.45 93.53 90.85 89.41 88.23 87.94 87.25 86.97 86.36 85.98 85.58 85.21 83.03
1 1.82 97.35 95.23 92.73 91.09 89.85 89.73 88.78 88.36 87.83 87.52 87.08 86.95 84.74
1 1.64 97.78 95.57 93.18 91.53 90.23 90.10 89.05 88.75 88.17 87.79 87.54 87.09 84.96
1 1.77 97.84 95.60 93.07 91.44 90.37 90.31 89.19 88.99 88.26 87.90 87.78 87.32 85.18
1 1.85 96.68 94.64 92.11 90.35 89.20 89.13 88.09 87.84 87.40 86.91 86.79 86.40 84.23
1 1.76 94.85 92.91 90.36 88.87 87.36 87.38 86.61 86.34 85.66 85.36 85.00 84.64 82.55
0 1.68 83.13 81.44 79.10 77.89 76.57 76.80 75.81 75.54 75.17 74.80 74.40 74.13 72.39
0 1.67 85.87 83.96 81.70 80.33 79.25 79.21 78.21 77.88 77.38 77.07 76.82 76.63 74.45
0 1.65 84.84 82.91 80.88 79.46 78.15 78.15 77.46 77.22 76.59 76.46 76.17 75.81 73.76
1 1.70 94.38 92.21 89.87 88.47 87.23 87.19 86.25 85.71 85.11 84.80 84.56 84.29 82.09
1 1.69 98.78 96.66 94.18 92.39 91.10 91.05 89.95 89.66 89.08 88.83 88.57 88.12 85.87
1 1.82 97.59 95.35 92.96 91.38 90.02 90.02 89.14 88.70 88.21 87.60 87.56 87.17 84.92
1 1.77 94.01 91.96 89.64 87.87 86.89 86.69 85.67 85.42 84.89 84.48 84.18 83.90 81.82
0 1.66 86.11 84.14 82.05 80.54 79.26 79.49 78.42 78.31 77.54 77.39 77.20 76.77 74.90
1 1.70 98.38 96.36 93.66 92.12 90.78 90.68 89.67 89.55 88.77 88.46 88.22 87.69 85.51
0 1.75 83.16 81.48 79.26 77.83 76.75 76.80 76.03 75.74 75.04 74.90 74.69 74.38 72.50
0 1.66 84.56 82.64 80.57 78.99 77.89 78.06 77.21 76.98 76.21 75.94 75.74 75.43 73.46
1 1.72 95.08 92.91 90.45 88.88 87.71 87.61 86.81 86.30 85.89 85.61 85.06 84.74 82.62
0 1.64 83.32 81.48 79.29 77.87 76.89 76.96 76.00 75.67 75.25 75.10 74.74 74.40 72.41
0 1.66 87.05 85.11 82.92 81.34 80.19 80.23 79.59 79.12 78.74 78.23 78.07 77.68 75.86
0 1.59 86.50 84.53 82.28 80.89 79.69 79.68 78.88 78.57 78.00 77.69 77.44 77.19 75.14
1 1.80 95.10 93.18 90.48 88.85 87.60 87.69 86.69 86.50 85.70 85.54 85.15 84.94 82.49
0 1.64 86.56 84.59 82.31 80.81 79.74 79.78 78.90 78.61 78.10 77.88 77.35 77.26 75.21
1 1.75 92.60 90.73 88.26 86.69 85.48 85.47 84.45 84.08 83.38 83.10 82.85 82.56 80.42
1 1.74 94.48 92.39 89.85 88.31 87.26 87.00 86.25 85.89 85.11 84.76 84.72 84.39 82.21
0 1.65 86.18 84.34 81.91 80.61 79.37 79.40 78.72 78.32 77.73 77.53 77.27 76.88 74.87
1 1.73 95.49 93.33 90.97 89.43 88.09 87.94 87.13 86.67 86.21 85.74 85.42 85.09 82.94
1 1.67 94.63 92.69 90.14 88.45 87.18 87.24 86.34 86.08 85.55 85.01 84.91 84.56 82.20
0 1.62 84.79 83.01 80.75 79.34 78.35 78.26 77.35 77.14 76.54 76.17 76.03 75.74 73.84
0 1.64 86.05 84.08 81.79 80.47 79.18 79.41 78.51 78.19 77.72 77.42 77.17 76.80 74.70
0 1.61 83.08 81.29 79.05 77.62 76.67 76.54 75.80 75.65 75.11 74.74 74.38 74.28 72.28
0 1.63 84.80 82.87 80.71 79.38 78.18 78.33 77.44 77.06 76.61 76.36 75.91 75.69 73.63
0 1.59 86.11 84.39 82.10 80.59 79.44 79.34 78.70 78.41 77.63 77.39 77.27 76.97 74.90
1 1.78 95.45 93.33 90.79 89.26 87.95 87.99 87.24 86.70 86.32 85.72 85.46 85.33 82.90
1 1.78 94.93 92.84 90.48 88.96 87.45 87.44 86.77 86.37 85.70 85.36 85.00 84.79 82.73
0 1.64 83.82 82.04 79.73 78.31 77.24 77.36 76.45 76.22 75.61 75.20 75.17 74.80 72.82
0 1.63 84.89 82.94 80.93 79.35 78.16 78.18 77.34 77.13 76.53 76.26 76.01 75.73 73.78
1 1.73 94.49 92.38 89.93 88.28 87.00 87.23 86.02 85.96 85.32 84.80 84.66 84.33 82.20
0 1.60 84.83 83.13 80.79 79.23 78.17 78.25 77.38 77.00 76.63 76.24 76.06 75.54 73.62
1 1.71 99.70 97.71 95.05 93.48 92.12 91.98 91.15 90.71 90.20 89.77 89.41 88.93 86.62
1 1.72 97.14 94.99 92.32 90.94 89.54 89.41 88.42 88.09 87.56 87.38 86.94 86.58 84.37
1 1.85 93.97 92.03 89.34 87.93 86.69 86.79 85.89 85.45 84.75 84.58 84.29 83.88 81.70
0 1.59 86.16 84.30 81.99 80.52 79.40 79.33 78.60 78.31 77.67 77.54 77.18 77.05 74.78
0 1.68 81.91 80.11 77.88 76.68 75.43 75.61 74.65 74.31 73.94 73.53 73.27 73.04 71.17
1 1.79 92.77 90.70 88.28 86.75 85.61 85.68 84.64 84.48 83.75 83.43 83.01 82.94 80.54
1 1.76 94.94 92.92 90.27 88.86 87.57 87.43 86.67 86.19 85.83 85.50 85.07 84.76 82.68
0 1.67 87.56 85.60 83.53 82.08 80.85 80.78 80.03 79.63 79.09 78.73 78.37 78.35 76.21
1 1.75 94.34 92.30 89.71 88.38 86.93 86.95 86.05 85.77 85.31 85.03 84.44 84.27 82.20
0 1.67 83.68 81.77 79.72 78.29 77.07 77.24 76.37 76.17 75.57 75.36 74.92 74.65 72.66
1 1.82 93.81 91.79 89.24 87.66 86.65 86.63 85.73 85.23 84.69 84.32 83.98 83.73 81.59
1 1.77 98.63 96.45 93.75 92.30 91.04 91.09 89.93 89.72 89.06 88.77 88.55 88.02 85.72
0 1.64 85.02 83.25 80.87 79.58 78.53 78.50 77.70 77.31 76.66 76.53 76.19 75.93 74.00
1 1.74 97.04 94.82 92.52 90.81 89.59 89.33 88.39 88.18 87.45 87.35 86.82 86.59 84.20
0 1.63 86.85 84.93 82.67 81.37 80.18 80.23 79.14 79.02 78.30 78.21 77.76 77.69 75.54
0 1.68 85.24 83.39 81.26 79.67 78.52 78.48 77.69 77.54 76.78 76.53 76.40 76.00 74.21
1 1.75 94.22 92.12 89.62 87.99 86.95 86.80 86.01 85.45 84.94 84.72 84.22 83.95 81.93
1 1.73 96.78 94.75 92.18 90.59 89.29 89.32 88.21 87.88 87.39 87.23 86.85 86.56 84.08
0 1.71 83.74 81.99 79.61 78.23 77.31 77.17 76.44 76.17 75.54 75.43 74.94 74.87 72.72
1 1.69 99.53 97.44 94.78 93.03 91.81 91.96 91.01 90.59 89.94 89.43 89.26 88.94 86.61
0 1.67 83.81 81.97 79.86 78.54 77.27 77.42 76.58 76.13 75.76 75.44 75.14 74.91 73.03
0 1.65 84.45 82.77 80.41 78.96 77.85 77.83 77.00 76.84 76.33 76.07 75.59 75.43 73.52
0 1.65 84.35 82.62 80.29 79.00 77.80 77.78 76.94 76.67 76.28 76.01 75.56 75.30 73.33
1 1.76 95.83 93.69 91.20 89.77 88.35 88.40 87.40 87.15 86.65 86.16 85.90 85.48 83.52
1 1.80 97.32 95.25 92.72 91.21 89.89 89.79 88.98 88.56 87.74 87.50 87.21 86.79 84.77
0 1.58 83.58 81.79 79.49 78.24 77.06 77.00 76.23 76.03 75.48 75.21 74.88 74.54 72.76
1 1.72 97.82 95.65 93.08 91.49 90.22 90.17 89.41 88.98 88.16 88.02 87.61 87.19 85.05
1 1.77 97.33 95.29 92.78 90.91 89.74 89.68 88.79 88.46 87.92 87.52 87.13 86.92 84.51
0 1.62 83.86 82.11 79.86 78.33 77.34 77.34 76.43 76.10 75.78 75.42 75.13 74.89 73.00
1 1.74 97.48 95.39 92.91 91.24 89.91 89.83 89.03 88.59 87.94 87.63 87.20 86.94 84.64
0 1.62 83.80 81.88 79.71 78.30 77.28 77.20 76.60 76.29 75.55 75.34 75.16 74.93 72.99
0 1.61 83.89 82.20 79.83 78.39 77.35 77.31 76.44 76.31 75.67 75.33 75.26 74.98 72.98
1 1.80 99.54 97.42 94.77 93.01 91.91 91.92 90.83 90.52 89.90 89.42 89.19 89.03 86.51
1 1.76 94.49 92.35 89.96 88.27 86.96 86.94 86.16 85.73 85.15 84.76 84.70 84.16 82.02
1 1.82 96.84 94.71 92.36 90.62 89.32 89.27 88.42 88.19 87.57 87.20 86.90 86.32 84.26
1 1.68 94.33 92.29 89.88 88.41 87.06 87.09 86.27 85.91 85.07 85.03 84.61 84.40 82.19
0 1.66 86.37 84.61 82.13 80.87 79.78 79.60 78.74 78.40 77.82 77.56 77.25 77.01 75.06
1 1.78 95.36 93.19 90.70 89.12 87.93 88.04 87.18 86.55 86.09 85.72 85.54 85.13 82.83
0 1.71 86.19 84.21 82.17 80.69 79.38 79.47 78.66 78.38 77.86 77.57 77.14 76.99 74.83
0 1.62 86.36 84.38 82.21 80.68 79.51 79.51 78.74 78.48 77.98 77.69 77.35 77.16 74.97
0 1.63 82.46 80.71 78.46 77.25 76.03 75.92 75.17 74.81 74.45 74.11 73.85 73.54 71.63
0 1.68 85.08 83.16 81.11 79.49 78.44 78.57 77.57 77.46 76.72 76.35 76.18 75.81 73.85
1 1.75 93.63 91.62 89.19 87.65 86.40 86.18 85.54 85.06 84.55 84.02 83.90 83.66 81.43
1 1.79 95.51 93.57 91.01 89.51 88.20 88.10 87.30 86.92 86.12 85.88 85.79 85.24 83.04
1 1.76 96.98 94.83 92.37 90.83 89.53 89.42 88.38 88.00 87.48 87.12 86.84 86.52 84.36
1 1.80 99.26 97.26 94.41 93.02 91.46 91.43 90.51 90.21 89.65 89.26 89.02 88.65 86.39
1 1.78 94.83 92.73 90.41 88.81 87.35 87.54 86.51 86.04 85.60 85.32 84.98 84.62 82.42
1 1.78 97.53 95.52 93.01 91.43 90.04 89.87 89.08 88.84 88.14 87.67 87.44 87.25 84.95
1 1.76 95.96 93.90 91.25 89.71 88.50 88.59 87.38 87.10 86.69 86.36 85.85 85.66 83.24
1 1.76 94.92 92.99 90.47 88.74 87.51 87.54 86.62 86.50 85.83 85.45 85.25 84.76 82.49
1 1.80 97.98 95.80 93.26 91.50 90.31 90.45 89.46 89.11 88.52 88.15 87.73 87.46 85.31
0 1.62 85.57 83.60 81.38 80.15 78.78 78.94 77.96 77.88 77.19 77.02 76.71 76.21 74.30
0 1.65 84.79 82.98 80.75 79.18 78.10 78.04 77.35 77.01 76.42 76.22 75.94 75.58 73.74
1 1.73 93.98 92.01 89.59 87.72 86.68 86.51 85.82 85.27 84.64 84.48 84.07 83.84 81.67
0 1.64 82.51 80.85 78.49 77.09 76.05 75.96 75.13 75.03 74.41 74.27 73.99 73.71 71.81
1 1.68 93.90 91.94 89.53 87.83 86.70 86.72 85.71 85.21 84.86 84.44 84.22 83.89 81.63
0 1.62 82.79 80.97 78.74 77.48 76.46 76.41 75.51 75.13 74.58 74.43 74.22 73.79 72.05
0 1.64 86.29 84.37 82.10 80.82 79.54 79.67 78.75 78.42 77.76 77.45 77.23 76.94 74.89
0 1.63 86.31 84.48 82.27 80.81 79.61 79.58 78.78 78.50 78.04 77.60 77.32 76.93 75.07
0 1.64 83.52 82.07 81.27 79.51 77.93 75.99 75.62 75.29 74.42 72.90 72.40 71.01 71.12
1 1.82 95.58 93.85 92.74 90.84 89.16 86.73 86.56 86.10 84.96 83.45 82.82 81.10 80.96
1 1.75 94.38 92.58 91.79 90.01 88.08 85.69 85.34 85.11 83.94 82.29 81.82 80.15 80.20
0 1.66 84.10 82.66 81.60 79.94 78.42 76.53 76.14 75.96 74.83 73.40 72.74 71.48 71.50
1 1.76 93.38 91.76 90.91 88.92 87.15 84.81 84.70 84.35 83.10 81.64 81.06 79.28 79.51
1 1.64 94.04 92.21 91.47 89.47 87.66 85.44 85.11 84.72 83.70 82.01 81.45 79.80 79.82
1 1.73 94.99 93.36 92.21 90.56 88.61 86.44 86.09 85.68 84.64 83.12 82.30 80.84 80.67
0 1.73 83.78 82.28 81.45 79.67 78.23 76.21 75.81 75.53 74.58 73.10 72.60 71.28 71.17
1 1.76 93.42 91.87 90.73 88.86 87.06 84.83 84.77 84.33 83.01 81.42 80.96 79.42 79.44
0 1.69 86.33 84.77 83.99 82.16 80.37 78.44 78.25 77.82 76.81 75.26 74.80 73.47 73.37
1 1.76 93.77 92.14 91.14 89.38 87.49 85.16 84.92 84.79 83.44 81.87 81.38 79.59 79.59
1 1.67 94.91 93.31 92.23 90.41 88.44 86.31 86.10 85.48 84.47 82.81 82.17 80.58 80.52
1 1.78 96.17 94.31 93.43 91.71 89.64 87.40 87.07 86.67 85.45 83.83 83.29 81.77 81.64
0 1.68 83.20 81.58 80.92 79.26 77.45 75.77 75.40 75.03 74.08 72.63 72.12 70.72 70.78
1 1.71 95.72 94.10 93.02 91.22 89.33 86.94 86.56 86.25 85.17 83.50 82.87 81.28 81.34
1 1.78 97.54 95.87 94.87 92.78 90.91 88.68 88.42 87.96 86.97 85.32 84.64 82.87 83.06
0 1.68 84.61 83.10 82.25 80.61 78.86 76.94 76.66 76.36 75.38 73.81 73.25 72.04 71.87
1 1.78 97.76 96.11 95.18 93.09 91.13 89.02 88.72 88.20 87.10 85.40 84.61 83.25 83.05
0 1.65 83.03 81.49 80.74 79.16 77.42 75.46 75.22 75.12 73.98 72.49 72.07 70.75 70.54
1 1.72 95.55 93.84 92.95 91.05 89.23 86.98 86.44 86.24 85.12 83.32 82.65 81.09 81.36
0 1.68 86.87 85.15 84.48 82.82 80.93 78.98 78.73 78.44 77.08 75.69 75.20 73.69 73.88
1 1.74 94.61 92.76 91.92 90.15 88.31 85.87 85.60 85.35 84.08 82.51 81.84 80.22 80.36
1 1.70 96.22 94.39 93.35 91.46 89.64 87.31 87.26 86.67 85.46 83.93 83.19 81.63 81.87
1 1.74 93.60 91.91 91.03 89.12 87.17 85.11 84.89 84.47 83.39 81.67 81.15 79.59 79.66
1 1.70 96.73 94.98 94.10 92.05 90.18 88.07 87.67 87.48 85.98 84.53 83.99 82.23 82.36
1 1.82 95.08 93.26 92.45 90.44 88.46 86.39 86.01 85.61 84.52 83.07 82.18 80.66 80.65
1 1.67 97.73 95.81 95.04 92.99 91.18 88.85 88.49 88.17 86.97 85.24 84.55 83.17 82.97
1 1.80 98.86 96.98 95.98 93.98 92.09 89.72 89.40 89.16 87.87 86.25 85.47 83.90 83.87
0 1.67 83.90 82.25 81.59 79.86 78.19 76.35 76.09 75.84 74.49 73.07 72.59 71.25 71.17
0 1.72 83.33 81.81 80.87 79.35 77.73 75.70 75.40 75.27 74.03 72.88 72.21 70.78 70.94
0 1.64 82.79 81.17 80.44 78.78 77.08 75.17 74.91 74.78 73.57 72.12 71.69 70.29 70.24
0 1.65 86.12 84.47 83.76 81.92 80.18 78.42 77.98 77.87 76.72 75.29 74.55 73.36 73.27
1 1.78 97.79 95.86 95.09 93.20 91.07 88.84 88.66 88.33 87.07 85.30 84.80 83.14 83.12
1 1.70 94.63 93.07 92.13 90.26 88.19 86.11 85.74 85.42 84.23 82.70 81.99 80.60 80.33
1 1.75 94.18 92.42 91.47 89.52 87.64 85.69 85.17 84.98 83.69 82.25 81.39 80.00 79.92
0 1.64 82.88 81.34 80.46 79.03 77.28 75.26 75.11 74.75 73.78 72.48 71.73 70.59 70.44
1 1.77 97.64 95.73 94.80 92.83 91.13 88.82 88.57 87.99 86.89 85.28 84.43 83.06 82.94
0 1.63 82.81 81.43 80.54 78.84 77.09 75.32 74.86 74.62 73.50 72.29 71.66 70.26 70.33
0 1.67 83.16 81.60 80.93 79.28 77.45 75.59 75.46 75.06 73.96 72.47 72.12 70.58 70.69
0 1.70 82.55 81.15 80.28 78.49 77.07 75.17 74.77 74.41 73.44 72.11 71.36 70.05 70.13
0 1.70 85.42 83.97 82.99 81.22 79.70 77.84 77.37 77.07 76.01 74.53 74.15 72.56 72.59
1 1.74 96.57 94.95 93.71 91.83 89.93 87.81 87.53 87.16 85.92 84.22 83.78 82.00 82.13
1 1.75 96.43 94.61 93.62 91.71 89.84 87.52 87.21 87.05 85.64 84.26 83.59 81.79 81.84
0 1.67 83.92 82.50 81.65 79.92 78.25 76.35 76.06 75.63 74.75 73.15 72.69 71.37 71.31
1 1.71 98.10 96.27 95.49 93.37 91.59 89.14 88.80 88.64 87.27 85.54 84.97 83.34 83.43
0 1.71 87.17 85.46 84.67 82.88 81.17 79.32 79.11 78.62 77.68 76.20 75.70 74.15 74.19
1 1.62 96.74 95.00 93.91 92.19 90.16 88.07 87.77 87.19 85.90 84.41 83.71 82.21 82.19
0 1.67 87.14 85.50 84.56 82.98 81.27 79.32 78.99 78.64 77.64 76.00 75.53 74.06 73.97
1 1.78 97.76 96.11 95.04 92.96 90.93 88.80 88.62 88.31 86.80 85.35 84.69 83.09 82.92
1 1.71 98.31 96.66 95.69 93.51 91.84 89.53 89.24 88.89 87.44 86.02 85.24 83.77 83.76
1 1.68 95.27 93.46 92.46 90.67 88.98 86.58 86.49 86.17 84.79 83.07 82.46 81.13 80.89
1 1.79 92.22 90.60 89.62 87.76 86.01 83.64 83.46 83.20 82.01 80.45 79.85 78.32 78.27
1 1.82 98.21 96.34 95.44 93.49 91.66 89.49 89.09 88.68 87.46 85.81 85.29 83.65 83.43
0 1.67 85.26 83.69 83.01 81.24 79.59 77.61 77.09 76.93 75.87 74.35 73.86 72.45 72.55
0 1.59 85.99 84.40 83.69 81.87 80.27 78.07 77.78 77.52 76.33 74.97 74.52 72.97 72.91
0 1.71 82.21 80.83 79.91 78.19 76.61 74.68 74.47 74.22 72.99 71.64 71.10 69.80 69.85
1 1.77 96.24 94.54 93.61 91.72 89.82 87.57 87.07 86.74 85.58 83.89 83.42 81.84 81.77
0 1.65 84.58 83.17 82.23 80.46 78.99 76.84 76.53 76.25 75.38 73.85 73.46 71.96 71.83
0 1.61 84.00 82.48 81.79 80.12 78.21 76.35 76.13 75.84 74.80 73.45 72.93 71.40 71.32
0 1.64 82.97 81.58 80.76 78.99 77.42 75.36 75.09 74.90 73.81 72.55 71.78 70.50 70.60
1 1.71 95.03 93.44 92.46 90.60 88.70 86.41 86.20 85.95 84.44 82.97 82.54 80.91 80.95
1 1.79 93.55 91.98 91.01 88.94 87.15 84.98 84.79 84.41 83.18 81.60 81.05 79.63 79.32
0 1.65 87.48 85.89 84.89 83.43 81.66 79.64 79.15 78.99 77.95 76.49 75.67 74.41 74.30
1 1.62 93.88 92.18 91.11 89.29 87.69 85.43 85.15 84.67 83.67 81.91 81.41 79.88 79.96
0 1.65 85.10 83.52 82.82 81.11 79.44 77.39 77.05 76.77 75.62 74.17 73.71 72.38 72.37
0 1.63 87.04 85.45 84.74 82.87 81.28 79.29 78.99 78.45 77.43 76.04 75.49 73.89 74.08
1 1.78 96.36 94.45 93.68 91.62 89.69 87.76 87.18 87.05 85.69 83.95 83.55 81.96 82.02
1 1.76 96.36 94.51 93.50 91.84 89.99 87.74 87.43 87.09 85.63 84.10 83.45 81.76 81.94
0 1.67 85.85 84.42 83.39 81.87 80.04 77.96 77.74 77.61 76.51 74.88 74.35 73.05 72.89
1 1.87 97.17 95.38 94.37 92.48 90.66 88.48 87.92 87.64 86.53 84.87 84.08 82.51 82.67
1 1.72 98.04 96.33 95.43 93.34 91.32 89.20 88.69 88.53 87.16 85.61 85.03 83.37 83.19
0 1.59 86.06 84.56 83.55 81.90 80.24 78.26 78.06 77.54 76.57 75.16 74.51 73.17 72.96
0 1.67 82.10 80.58 79.87 78.16 76.46 74.70 74.23 74.02 73.05 71.53 71.04 69.76 69.67
0 1.70 86.47 84.89 83.96 82.44 80.53 78.71 78.38 78.11 77.04 75.57 75.04 73.34 73.54
0 1.62 86.75 85.16 84.31 82.59 80.94 78.86 78.55 78.47 77.25 75.72 75.06 73.75 73.91
1 1.68 96.23 94.62 93.64 91.72 89.80 87.43 87.19 86.92 85.45 83.83 83.23 81.57 81.66
1 1.72 98.45 96.71 95.83 93.77 91.62 89.55 89.14 88.79 87.58 85.78 85.09 83.68 83.69
0 1.61 86.27 84.75 83.88 82.12 80.40 78.22 78.10 77.69 76.69 75.22 74.68 73.10 73.23
1 1.75 98.59 96.77 95.74 93.82 91.85 89.52 89.19 88.89 87.68 86.21 85.35 83.74 83.84
1 1.78 95.53 93.93 92.82 90.86 89.09 86.75 86.61 86.03 84.99 83.39 82.54 80.92 81.11
1 1.74 95.40 93.80 92.78 90.80 88.87 86.81 86.40 86.25 85.03 83.25 82.84 81.27 81.25
0 1.66 84.48 82.93 82.23 80.58 78.67 76.73 76.63 76.26 75.07 73.79 73.33 71.84 71.95
1 1.84 97.86 96.11 95.13 93.29 91.13 88.95 88.61 88.23 87.10 85.47 84.64 82.95 83.06
0 1.69 85.03 83.52 82.75 80.86 79.11 77.38 76.97 76.81 75.57 74.23 73.68 72.25 72.09
1 1.76 96.28 94.57 93.53 91.63 89.78 87.54 87.16 86.87 85.47 84.11 83.33 81.88 81.58
1 1.74 94.75 93.17 92.25 90.14 88.49 86.30 85.70 85.45 84.41 82.64 82.01 80.46 80.48
0 1.69 85.37 83.67 83.06 81.33 79.60 77.68 77.28 77.09 75.96 74.38 73.76 72.37 72.54
1 1.76 92.92 91.11 90.41 88.47 86.68 84.35 84.15 83.71 82.63 80.96 80.33 78.72 78.83
1 1.78 94.58 92.89 91.99 90.13 88.03 85.93 85.53 85.23 84.03 82.53 81.79 80.44 80.29
0 1.61 84.47 82.88 82.04 80.53 78.70 76.77 76.37 76.12 75.13 73.69 73.22 71.75 71.79
1 1.77 96.26 94.41 93.52 91.79 89.64 87.52 87.33 87.00 85.60 84.12 83.28 81.71 81.85
0 1.63 84.22 82.74 81.79 80.27 78.41 76.41 76.17 75.88 74.84 73.41 72.99 71.37 71.43
0 1.58 86.78 85.26 84.42 82.70 80.93 78.88 78.49 78.45 77.09 75.79 75.17 73.77 73.69
1 1.77 93.12 91.49 90.63 88.73 86.83 84.74 84.24 83.98 82.87 81.14 80.73 79.16 79.17
1 1.76 97.66 95.77 95.05 92.99 90.96 88.84 88.53 88.05 86.85 85.15 84.75 82.94 83.01
0 1.64 83.86 82.35 81.60 79.79 78.22 76.18 75.97 75.70 74.69 73.27 72.68 71.25 71.32
1 1.65 96.75 95.14 94.01 92.08 90.17 88.12 87.56 87.26 86.19 84.60 84.00 82.36 82.38
0 1.71 84.00 82.57 81.56 80.06 78.31 76.48 76.02 75.87 74.80 73.32 72.67 71.43 71.31
0 1.64 83.98 82.47 81.50 79.85 78.26 76.28 76.13 75.95 74.80 73.33 72.93 71.48 71.53
0 1.64 85.66 84.20 83.30 81.64 79.82 78.02 77.54 77.29 76.21 74.87 74.20 72.74 72.94
0 1.66 82.73 82.54 81.31 80.24 78.52 76.94 75.70 75.62 75.12 75.48 75.00 75.02 74.44
1 1.67 95.86 95.59 94.19 92.85 90.99 88.91 87.80 87.61 87.15 87.39 86.93 86.78 86.15
0 1.70 83.63 83.56 82.16 81.00 79.46 77.73 76.53 76.27 76.06 76.32 75.74 75.65 75.28
0 1.71 85.23 85.11 83.67 82.64 80.80 79.21 78.11 77.88 77.54 77.67 77.06 77.24 76.63
0 1.66 84.84 84.56 83.42 82.29 80.46 78.81 77.67 77.34 77.07 77.55 76.97 76.89 76.33
1 1.67 96.79 96.69 94.97 93.89 91.83 89.96 88.56 88.21 88.12 88.21 87.67 87.59 87.08
1 1.75 98.14 98.09 96.44 95.05 92.99 91.33 90.02 89.45 89.32 89.68 88.78 88.86 88.11
1 1.74 93.04 92.79 91.41 90.22 88.35 86.39 85.01 84.97 84.40 84.87 84.13 84.10 83.45
0 1.69 82.52 82.41 80.90 79.93 78.27 76.48 75.41 75.12 74.89 75.32 74.74 74.76 74.04
1 1.73 98.39 98.29 96.74 95.19 93.35 91.28 90.03 89.77 89.31 89.76 89.04 89.09 88.42
0 1.63 87.15 86.97 85.52 84.52 82.70 81.05 79.74 79.52 79.18 79.60 78.90 78.93 78.46
1 1.82 94.77 94.64 93.13 91.77 89.73 87.99 86.62 86.33 85.94 86.42 85.90 85.71 85.17
1 1.78 98.23 98.06 96.55 94.99 93.17 91.31 89.83 89.64 89.13 89.47 88.84 88.90 88.32
1 1.65 92.72 92.45 91.05 89.67 88.07 85.99 84.91 84.74 84.25 84.59 83.98 84.03 83.34
1 1.80 98.41 98.19 96.74 95.36 93.22 91.56 90.07 89.78 89.47 89.79 89.25 89.03 88.43
0 1.65 84.95 84.95 83.27 82.37 80.57 79.00 77.66 77.56 77.15 77.47 76.97 76.85 76.21
1 1.63 96.11 96.06 94.26 93.10 91.30 89.26 88.05 87.58 87.38 87.83 87.11 87.14 86.45
1 1.70 94.62 94.56 92.96 91.63 89.65 87.75 86.70 86.27 85.96 86.43 85.64 85.77 85.19
0 1.63 84.44 84.33 82.94 81.82 80.06 78.47 77.45 76.99 76.72 77.10 76.59 76.39 75.99
1 1.74 93.93 93.87 92.09 90.91 89.00 87.24 86.15 85.72 85.43 85.59 85.01 85.00 84.58
1 1.78 94.69 94.59 93.12 91.86 89.85 87.94 86.81 86.36 86.14 86.53 85.68 85.70 85.04
1 1.82 95.75 95.62 94.16 92.77 90.93 88.91 87.54 87.45 86.98 87.36 86.83 86.59 86.08
0 1.60 83.19 83.11 81.61 80.46 78.99 77.18 76.31 75.95 75.65 76.03 75.32 75.36 74.77
1 1.74 95.71 95.70 93.88 92.56 90.93 88.91 87.48 87.27 86.84 87.39 86.80 86.57 86.16
1 1.73 97.47 97.29 95.82 94.26 92.44 90.60 89.14 88.91 88.45 88.89 88.24 88.12 87.68
1 1.79 97.46 97.20 95.76 94.54 92.53 90.69 89.15 88.83 88.66 88.98 88.26 88.33 87.73
0 1.71 86.96 86.72 85.52 84.20 82.49 80.71 79.70 79.42 79.18 79.53 78.90 78.93 78.18
0 1.64 83.35 83.10 81.74 80.76 79.06 77.35 76.19 76.11 75.79 75.99 75.59 75.61 74.97
0 1.59 84.05 84.03 82.48 81.54 79.64 78.14 77.14 76.61 76.42 76.76 76.14 76.16 75.58
0 1.74 85.45 85.44 83.96 82.89 81.02 79.33 78.14 77.89 77.70 77.89 77.54 77.30 76.93
1 1.73 93.39 93.27 91.80 90.36 88.60 86.93 85.66 85.14 85.07 85.30 84.52 84.61 84.14
0 1.73 86.24 86.17 84.80 83.48 81.84 80.00 79.05 78.81 78.49 78.81 78.25 78.08 77.65
0 1.72 84.71 84.59 83.26 82.04 80.30 78.74 77.55 77.36 77.06 77.24 76.58 76.65 76.17
1 1.86 94.22 94.12 92.52 91.40 89.33 87.39 86.41 86.09 85.83 85.98 85.22 85.22 84.83
1 1.84 94.70 94.50 92.82 91.62 89.68 88.06 86.67 86.35 86.06 86.29 85.86 85.72 85.10
0 1.63 84.67 84.41 83.06 81.91 80.23 78.57 77.39 77.38 77.06 77.24 76.61 76.61 75.99
1 1.74 93.53 93.44 91.72 90.71 88.87 86.72 85.76 85.23 85.13 85.27 84.83 84.57 84.18
0 1.64 83.41 83.37 81.93 80.83 79.11 77.45 76.44 75.91 75.89 76.04 75.46 75.52 74.87
1 1.72 98.04 97.88 96.23 95.00 93.19 91.06 89.84 89.36 89.27 89.45 88.92 88.90 88.06
1 1.72 93.10 92.91 91.42 90.07 88.20 86.36 85.31 84.91 84.65 84.88 84.42 84.19 83.55
1 1.64 94.56 94.51 93.00 91.58 89.62 87.94 86.51 86.39 85.86 86.42 85.64 85.83 85.19
0 1.60 83.11 82.93 81.52 80.52 78.93 77.27 76.22 75.70 75.53 75.93 75.26 75.32 74.67
1 1.77 97.31 97.21 95.52 94.26 92.50 90.32 89.30 88.75 88.40 88.76 88.05 88.08 87.68
0 1.64 85.41 85.27 83.73 82.59 80.88 79.34 78.09 77.75 77.51 77.83 77.44 77.38 76.86
1 1.75 93.10 92.91 91.37 90.03 88.29 86.62 85.38 84.88 84.57 84.87 84.22 84.33 83.66
0 1.70 84.07 83.81 82.47 81.56 79.81 78.21 76.93 76.68 76.44 76.83 76.07 76.16 75.70
1 1.61 99.06 98.76 97.29 96.00 94.10 92.14 90.88 90.46 90.19 90.25 89.91 89.74 88.95
0 1.72 84.77 84.66 83.19 82.22 80.36 78.62 77.73 77.41 77.00 77.26 76.78 76.64 76.25
1 1.77 96.50 96.24 94.82 93.47 91.52 89.53 88.20 88.02 87.72 88.05 87.30 87.36 86.58
0 1.61 82.66 82.45 81.10 79.99 78.29 76.80 75.55 75.40 75.24 75.33 74.97 74.74 74.22
1 1.75 93.45 93.19 91.62 90.48 88.82 86.98 85.60 85.39 85.03 85.39 84.57 84.79 84.16
1 1.74 95.30 95.10 93.43 92.28 90.42 88.49 87.37 87.01 86.60 86.85 86.19 86.38 85.80
1 1.81 93.05 92.97 91.41 89.99 88.22 86.41 85.34 84.88 84.67 84.79 84.20 84.39 83.77
1 1.69 92.67 92.62 91.10 89.61 87.96 86.04 84.87 84.59 84.16 84.47 83.96 83.98 83.30
1 1.74 94.41 94.24 92.80 91.31 89.58 87.85 86.37 86.30 85.75 86.16 85.42 85.42 84.99
1 1.78 98.94 98.69 97.24 95.87 93.80 92.07 90.72 90.21 89.85 90.21 89.58 89.58 89.07
1 1.69 98.42 98.22 96.74 95.32 93.50 91.47 89.99 89.78 89.42 89.83 89.10 89.18 88.40
0 1.66 85.61 85.47 84.00 83.06 81.20 79.48 78.44 78.23 77.95 78.06 77.43 77.49 76.94
1 1.70 96.62 96.50 94.73 93.58 91.67 89.83 88.44 88.04 87.69 88.21 87.56 87.39 86.76
0 1.74 86.18 86.06 84.62 83.55 81.66 80.24 78.93 78.78 78.39 78.82 78.08 78.23 77.48
1 1.70 94.89 94.85 93.08 92.03 90.00 87.99 86.77 86.51 86.38 86.52 85.98 85.90 85.23
1 1.72 93.16 92.95 91.43 90.30 88.25 86.59 85.24 84.95 84.55 85.02 84.29 84.28 83.75
0 1.64 86.73 86.55 85.06 84.05 82.15 80.48 79.32 79.21 78.83 79.21 78.59 78.43 77.85
1 1.78 95.55 95.30 93.76 92.68 90.53 88.78 87.60 87.38 86.99 87.11 86.49 86.54 86.09
1 1.71 95.32 95.10 93.54 92.30 90.48 88.45 87.21 87.03 86.60 87.05 86.33 86.43 85.65
0 1.61 86.11 86.08 84.62 83.52 81.78 79.82 78.94 78.49 78.12 78.57 77.86 77.91 77.47
0 1.58 82.89 82.64 81.43 80.27 78.71 76.90 75.97 75.66 75.30 75.62 75.07 74.98 74.48
0 1.69 86.64 86.43 85.01 83.86 82.19 80.53 79.25 79.10 78.77 79.03 78.57 78.45 77.86
0 1.58 83.31 83.15 81.87 80.58 79.02 77.36 76.32 75.97 75.82 75.99 75.53 75.39 74.87
1 1.73 93.36 93.30 91.51 90.32 88.62 86.79 85.40 85.17 84.72 85.29 84.64 84.39 83.81
0 1.59 84.89 84.83 83.35 82.28 80.64 78.97 77.65 77.48 77.11 77.47 76.93 76.95 76.37
1 1.74 96.43 96.34 94.56 93.35 91.63 89.57 88.45 88.01 87.60 88.06 87.48 87.28 86.66
0 1.68 86.13 86.07 84.44 83.55 81.56 80.00 78.93 78.62 78.20 78.60 78.08 77.98 77.46
1 1.79 96.66 96.36 95.02 93.51 91.70 89.87 88.67 88.15 88.06 88.14 87.50 87.58 86.85
0 1.68 84.37 84.36 82.78 81.82 80.09 78.33 77.15 76.93 76.77 76.90 76.50 76.40 75.83
1 1.70 93.91 93.78 92.09 91.10 89.26 87.24 86.14 85.65 85.38 85.81 85.03 84.98 84.48
1 1.74 95.99 95.88 94.23 92.92 90.95 89.22 87.76 87.55 87.09 87.53 86.90 86.97 86.14
0 1.57 86.65 86.63 85.16 83.81 82.24 80.44 79.44 79.18 78.84 79.15 78.59 78.52 77.90
0 1.61 82.98 82.73 81.55 80.51 78.67 77.10 76.07 75.64 75.45 75.83 75.34 75.24 74.72
0 1.61 86.11 85.92 84.59 83.32 81.70 79.92 78.76 78.71 78.42 78.67 78.17 77.98 77.55
0 1.60 83.89 83.77 82.29 81.24 79.63 77.82 76.87 76.55 76.26 76.50 75.87 75.88 75.30
0 1.64 84.19 84.00 82.62 81.58 79.75 78.18 77.09 76.74 76.48 76.72 76.22 76.34 75.67
1 1.83 98.79 98.58 96.85 95.64 93.59 91.81 90.42 90.00 89.91 90.04 89.42 89.40 88.67
0 1.63 85.77 85.50 84.23 83.14 81.22 79.68 78.46 78.12 77.77 78.11 77.62 77.51 77.10
0 1.71 85.36 85.20 83.74 82.78 80.96 79.31 78.20 77.96 77.78 77.82 77.45 77.44 76.81
0 1.69 84.08 83.95 82.58 81.44 79.66 77.98 77.10 76.61 76.44 76.77 76.19 76.08 75.71
1 1.82 94.37 94.10 92.60 91.30 89.53 87.67 86.37 86.19 85.87 85.95 85.60 85.51 84.68
0 1.66 83.71 83.45 82.07 81.10 79.50 77.68 76.57 76.42 76.04 76.37 75.91 75.71 75.28
1 1.69 94.86 94.63 93.20 91.98 90.04 88.05 87.02 86.57 86.15 86.53 86.01 85.98 85.35
1 1.77 95.64 95.38 93.95 92.62 90.72 88.83 87.65 87.19 87.07 87.18 86.53 86.49 85.90
1 1.71 98.29 97.97 96.46 95.38 93.42 91.43 89.95 89.79 89.49 89.78 89.20 89.06 88.35
0 1.66 83.42 83.28 81.77 80.85 79.16 77.54 76.35 76.05 75.71 76.07 75.47 75.65 74.88
1 1.73 95.42 95.13 93.53 92.32 90.50 88.47 87.20 86.85 86.80 86.92 86.24 86.49 85.68
1 1.76 96.71 96.39 94.89 93.55 91.86 89.73 88.62 88.03 87.75 88.26 87.53 87.56 86.87
0 1.66 85.21 85.09 83.61 82.46 80.72 79.08 78.18 77.80 77.60 77.76 77.33 77.29 76.64
0 1.61 87.93 87.91 86.45 85.29 83.38 81.68 80.67 80.35 79.99 80.20 79.81 79.74 79.13
0 1.74 84.33 84.14 82.86 81.61 80.07 78.25 77.34 76.95 76.68 77.12 76.44 76.37 75.88
1 1.68 96.91 96.61 95.23 93.84 91.89 90.15 88.94 88.49 88.23 88.60 87.83 87.88 87.31
1 1.78 94.58 94.53 92.93 91.62 89.82 87.83 86.51 86.43 86.07 86.41 85.52 85.61 85.16
0 1.70 85.60 85.49 84.17 82.81 81.16 79.63 78.46 78.11 77.77 78.13 77.63 77.71 77.02
0 1.70 84.63 84.39 82.23 81.14 79.46 78.25 77.35 77.18 76.92 76.07 75.11 74.65 74.22
1 1.75 94.26 94.20 91.75 90.37 88.59 87.29 86.16 86.09 85.66 84.60 83.66 83.24 82.59
1 1.61 92.27 92.24 89.56 88.29 86.53 85.30 84.38 84.17 83.75 82.92 82.08 81.36 80.64
0 1.66 84.66 84.65 82.19 81.06 79.43 78.30 77.50 77.30 76.94 76.18 75.47 74.87 74.14
1 1.69 95.75 95.55 93.19 91.67 89.80 88.53 87.69 87.42 86.98 86.00 85.19 84.43 83.81
1 1.68 98.23 98.02 95.60 94.12 92.40 90.97 90.02 89.69 89.51 88.45 87.26 86.69 86.21
1 1.69 92.95 92.86 90.28 89.04 87.13 86.03 85.14 84.76 84.53 83.48 82.49 81.95 81.49
0 1.58 87.21 87.15 84.85 83.75 81.98 80.83 79.94 79.50 79.30 78.59 77.72 76.99 76.44
1 1.79 97.08 97.01 94.21 93.18 91.10 89.83 88.99 88.49 88.13 87.15 86.26 85.51 85.10
0 1.71 83.89 83.81 81.43 80.29 78.64 77.58 76.70 76.57 76.11 75.32 74.65 73.93 73.44
0 1.70 86.80 86.62 84.29 83.09 81.51 80.29 79.56 79.10 79.01 78.11 77.11 76.59 75.86
0 1.64 84.38 84.34 81.95 80.95 79.06 77.99 77.20 76.92 76.79 75.91 75.08 74.46 73.81
1 1.76 96.96 96.72 94.36 92.82 90.99 89.81 88.69 88.50 88.25 87.25 86.24 85.68 85.12
0 1.65 85.13 84.93 82.74 81.61 79.81 78.82 77.88 77.65 77.31 76.51 75.62 75.01 74.44
0 1.73 85.73 85.48 83.24 82.13 80.59 79.35 78.65 78.33 78.05 77.09 76.26 75.70 75.29
0 1.61 83.19 83.03 80.84 79.91 78.20 76.93 76.28 75.84 75.63 74.80 73.93 73.47 73.01
1 1.83 94.74 94.67 92.07 90.99 88.92 87.84 86.70 86.41 86.06 85.27 84.24 83.61 82.91
1 1.76 97.82 97.52 95.04 93.81 91.90 90.40 89.56 89.24 88.92 87.82 86.95 86.21 85.70
1 1.79 92.89 92.77 90.22 88.97 87.03 86.03 84.88 84.61 84.47 83.48 82.58 81.86 81.35
1 1.73 98.00 97.94 95.12 93.93 92.03 90.75 89.63 89.31 89.03 87.94 87.21 86.55 85.85
0 1.70 84.92 84.79 82.43 81.43 79.74 78.49 77.73 77.42 77.21 76.27 75.59 75.05 74.44
1 1.74 92.69 92.41 90.20 88.99 87.16 85.64 85.01 84.51 84.17 83.25 82.39 81.84 81.29
1 1.81 97.90 97.63 95.15 93.99 91.93 90.69 89.68 89.43 89.09 87.98 87.12 86.34 85.69
0 1.74 82.06 81.90 79.81 78.55 76.94 76.03 75.21 74.77 74.61 73.79 73.02 72.43 71.73
1 1.71 99.08 98.95 96.35 95.13 92.92 91.66 90.78 90.57 90.21 89.02 88.04 87.37 86.77
1 1.81 97.51 97.21 94.82 93.37 91.47 90.25 89.39 89.07 88.69 87.71 86.66 85.89 85.47
1 1.72 94.03 93.93 91.26 90.13 88.25 87.19 86.24 85.87 85.57 84.56 83.71 83.04 82.42
0 1.65 86.25 86.07 83.95 82.80 80.91 79.76 78.87 78.79 78.51 77.58 76.73 76.10 75.49
1 1.72 98.01 97.91 95.17 94.03 92.04 90.61 89.79 89.36 89.17 88.14 87.32 86.67 85.80
1 1.72 98.69 98.63 96.04 94.48 92.79 91.24 90.27 90.12 89.79 88.63 87.69 87.21 86.35
0 1.72 86.88 86.75 84.45 83.26 81.62 80.35 79.54 79.39 79.04 77.97 77.28 76.75 76.12
0 1.67 85.49 85.26 83.20 82.12 80.18 79.15 78.36 78.09 77.83 77.00 76.13 75.47 75.04
1 1.80 96.59 96.50 93.95 92.53 90.65 89.42 88.28 88.17 87.74 86.67 85.85 85.04 84.67
0 1.68 83.60 83.45 81.36 80.12 78.42 77.26 76.56 76.29 75.96 75.01 74.31 73.71 73.15
1 1.76 93.79 93.63 91.13 89.80 88.10 86.86 85.89 85.47 85.21 84.13 83.26 82.54 82.09
0 1.67 83.58 83.41 81.22 80.16 78.47 77.38 76.70 76.22 75.95 75.13 74.33 73.92 73.31
0 1.71 85.31 85.14 82.88 81.84 80.13 78.89 78.04 77.83 77.60 76.62 75.83 75.33 74.78
1 1.77 92.73 92.72 90.22 88.97 86.94 85.65 84.74 84.49 84.11 83.28 82.32 81.87 81.24
1 1.75 97.51 97.49 94.77 93.33 91.60 90.37 89.29 88.88 88.48 87.65 86.65 86.14 85.30
1 1.83 93.20 93.09 90.66 89.38 87.37 86.20 85.42 85.06 84.81 83.73 82.79 82.14 81.67
0 1.66 84.40 84.12 82.09 80.91 79.26 78.00 77.10 76.83 76.72 75.93 74.91 74.38 73.92
0 1.71 85.25 85.00 82.80 81.71 79.91 78.98 77.92 77.85 77.43 76.70 75.68 75.15 74.56
1 1.74 94.49 94.37 91.94 90.54 88.68 87.31 86.36 86.06 85.92 84.92 84.08 83.36 82.54
0 1.70 83.59 83.45 81.13 80.17 78.56 77.44 76.50 76.24 76.11 75.05 74.28 73.87 73.13
1 1.77 93.49 93.34 90.75 89.51 87.71 86.53 85.67 85.30 85.04 83.98 83.21 82.43 81.71
0 1.61 84.83 84.77 82.41 81.29 79.71 78.64 77.64 77.30 77.17 76.19 75.41 74.88 74.36
0 1.70 82.35 82.17 80.00 78.82 77.38 76.19 75.32 75.06 74.74 73.90 73.18 72.49 71.96
1 1.80 96.30 96.06 93.53 92.42 90.56 89.21 88.24 87.79 87.45 86.68 85.51 84.91 84.50
1 1.80 97.90 97.65 95.16 93.77 92.02 90.63 89.53 89.38 89.13 87.99 87.13 86.55 85.91
1 1.77 98.36 98.12 95.72 94.37 92.43 91.13 89.96 89.89 89.26 88.31 87.31 86.96 86.25
0 1.72 82.91 82.76 80.45 79.43 77.78 76.66 75.83 75.71 75.37 74.55 73.55 73.06 72.62
0 1.63 86.05 85.96 83.73 82.52 80.79 79.64 78.85 78.65 78.22 77.34 76.70 75.91 75.59
0 1.65 85.86 85.79 83.43 82.24 80.60 79.36 78.57 78.41 78.10 77.24 76.32 75.72 75.19
1 1.69 93.12 92.85 90.39 89.15 87.46 86.24 85.33 85.06 84.73 83.83 82.92 82.38 81.60
1 1.75 96.51 96.20 93.67 92.52 90.64 89.30 88.20 88.08 87.76 86.80 85.64 85.26 84.44
1 1.77 98.66 98.45 95.77 94.67 92.61 91.23 90.47 89.91 89.80 88.62 87.70 87.01 86.51
0 1.63 83.55 83.29 81.25 80.20 78.53 77.29 76.51 76.16 75.97 75.10 74.44 73.93 73.31
0 1.66 86.00 85.84 83.65 82.37 80.66 79.53 78.78 78.42 78.22 77.27 76.48 75.78 75.15
1 1.74 93.48 93.24 91.02 89.57 87.65 86.48 85.64 85.41 85.06 84.07 83.26 82.55 82.01
1 1.76 95.05 94.74 92.52 91.11 89.14 87.89 86.97 86.64 86.42 85.41 84.64 84.08 83.21
1 1.80 98.96 98.66 96.15 94.89 92.81 91.57 90.69 90.27 90.13 89.07 87.96 87.22 86.58
1 1.74 96.94 96.66 94.16 92.78 91.06 89.83 88.75 88.29 87.93 87.05 86.19 85.59 84.99
0 1.62 85.15 85.14 82.76 81.56 80.06 78.91 77.91 77.69 77.33 76.61 75.84 75.01 74.56
1 1.77 99.51 99.48 96.72 95.44 93.31 92.27 91.08 90.75 90.40 89.63 88.56 87.89 87.12
1 1.79 96.92 96.82 94.24 92.87 90.99 89.66 88.70 88.53 88.23 87.05 86.20 85.39 84.77
1 1.75 93.49 93.25 90.93 89.74 87.79 86.50 85.47 85.32 85.01 83.98 83.08 82.38 81.78
0 1.68 85.07 84.92 82.72 81.58 79.74 78.83 77.90 77.66 77.31 76.55 75.58 75.08 74.59
0 1.68 87.68 87.42 85.14 84.21 82.26 81.25 80.35 80.05 79.81 78.80 77.93 77.35 76.88
1 1.83 93.80 93.76 91.01 89.99 88.16 86.94 85.74 85.42 85.13 84.23 83.41 82.80 82.08
0 1.72 85.11 84.97 82.69 81.47 80.02 78.66 77.93 77.79 77.51 76.61 75.58 75.03 74.70
1 1.77 92.86 92.65 90.17 89.10 87.21 85.88 85.18 84.65 84.42 83.61 82.45 81.92 81.24
0 1.62 83.03 82.88 80.83 79.65 77.91 76.89 76.09 75.71 75.48 74.71 73.91 73.42 72.89
1 1.69 95.16 94.87 92.40 91.28 89.44 88.14 87.04 86.86 86.44 85.67 84.47 84.10 83.26
0 1.67 86.32 86.32 83.87 82.85 80.93 79.78 79.08 78.72 78.28 77.56 76.65 76.03 75.39
0 1.64 82.31 82.16 79.88 79.00 77.19 76.04 75.42 75.16 74.75 74.07 73.21 72.67 72.09
0 1.56 85.82 85.65 83.26 82.33 80.64 79.37 78.44 78.35 77.86 77.15 76.20 75.78 74.99
1 1.68 94.82 94.70 91.99 90.88 88.91 87.60 86.67 86.51 86.24 85.35 84.27 83.74 82.87
0 1.73 86.72 86.68 84.34 83.19 81.35 80.32 79.26 79.03 78.86 77.91 76.98 76.61 76.00
1 1.82 94.44 94.13 91.86 90.51 88.73 87.28 86.36 86.26 85.81 84.94 83.97 83.36 82.76
0 1.65 85.20 84.99 82.89 81.57 79.91 78.76 78.03 77.72 77.37 76.63 75.86 75.09 74.65
1 1.81 96.41 96.11 93.56 92.32 90.51 89.07 88.30 87.76 87.71 86.71 85.55 85.01 84.48
0 1.69 85.67 85.55 83.23 82.02 80.46 79.21 78.35 78.31 78.04 77.17 76.31 75.54 75.20
1 1.71 93.46 93.18 90.77 89.71 87.64 86.43 85.58 85.18 85.03 84.09 83.17 82.72 82.02
0 1.70 85.46 85.40 83.16 81.92 80.27 79.22 78.31 78.05 77.73 76.91 75.96 75.36 74.91
1 1.74 97.77 97.73 94.90 93.83 91.75 90.41 89.40 89.05 88.78 87.95 86.96 86.23 85.53
1 1.87 98.47 98.32 95.83 94.52 92.55 91.09 90.12 89.89 89.55 88.69 87.59 87.02 86.45
0 1.70 84.83 84.82 82.57 81.28 79.53 78.41 77.56 77.29 77.21 76.34 75.54 74.90 74.44
0 1.73 85.05 85.03 82.71 81.50 79.80 78.82 77.93 77.64 77.38 76.53 75.70 75.04 74.60
0 1.72 84.79 84.78 82.46 81.20 79.53 78.41 77.68 77.29 77.11 76.24 75.42 74.78 74.20
1 1.80 94.35 94.12 91.65 90.35 88.54 87.34 86.23 86.15 85.78 84.84 83.97 83.29 82.56
1 1.74 92.93 92.67 90.19 88.93 87.24 86.13 85.00 84.59 84.56 83.44 82.66 81.96 81.43
1 1.69 95.25 95.15 92.60 91.29 89.48 88.06 87.20 86.74 86.49 85.49 84.56 84.11 83.49
0 1.64 83.73 83.47 81.29 80.31 78.59 77.61 76.79 76.48 76.11 75.26 74.46 73.76 73.22
0 1.63 86.58 86.51 84.13 82.87 81.32 80.15 79.26 79.06 78.58 77.91 76.85 76.48 75.67
1 1.72 95.02 94.95 92.39 90.99 89.14 87.91 87.01 86.74 86.33 85.30 84.57 83.92 83.23
1 1.73 95.04 95.03 92.50 91.02 89.18 87.76 87.08 86.74 86.32 85.25 84.43 83.91 83.20
0 1.70 84.39 84.36 81.96 81.03 79.14 78.28 77.24 77.09 76.63 75.86 75.07 74.65 74.12
1 1.73 98.34 98.17 95.43 94.30 92.39 91.16 90.05 89.78 89.38 88.45 87.45 86.81 86.20
0 1.59 82.97 82.71 80.55 79.62 77.82 76.81 76.12 75.64 75.45 74.49 73.80 73.33 72.78
0 1.63 85.33 85.20 82.80 81.93 80.23 79.09 78.21 77.86 77.54 76.67 75.97 75.20 74.83
0 1.70 86.47 86.31 85.27 83.98 82.51 81.14 80.52 79.49 79.32 77.79 76.80 76.15 74.99
1 1.63 97.91 97.85 96.37 95.12 93.48 91.95 91.27 89.89 89.68 88.24 86.79 86.07 84.84
1 1.81 96.73 96.45 95.15 93.89 92.50 90.68 90.21 88.78 88.69 87.01 85.80 84.90 83.80
0 1.63 86.26 86.08 85.05 83.95 82.28 81.10 80.40 79.38 79.05 77.45 76.29 75.77 74.70
1 1.83 93.32 93.03 91.94 90.69 89.12 87.54 86.97 85.63 85.55 83.87 82.58 82.01 80.95
1 1.73 98.73 98.69 97.38 95.99 94.21 92.74 92.08 90.63 90.30 88.77 87.41 86.94 85.49
1 1.85 94.68 94.58 93.43 91.93 90.54 89.04 88.17 87.13 86.68 85.25 83.94 83.38 82.12
0 1.66 85.14 85.12 83.85 82.70 81.24 80.03 79.32 78.18 78.01 76.68 75.51 74.98 73.63
1 1.78 98.45 98.37 97.01 95.66 93.90 92.59 91.94 90.35 90.26 88.37 87.27 86.64 85.26
1 1.77 99.05 98.98 97.58 96.41 94.63 92.92 92.34 91.18 90.84 89.06 87.79 86.99 85.88
0 1.73 87.36 87.36 86.18 84.79 83.53 82.01 81.60 80.24 80.08 78.56 77.32 76.93 75.65
1 1.75 98.68 98.40 97.31 95.99 94.20 92.60 92.15 90.73 90.24 88.83 87.41 86.84 85.52
1 1.74 94.27 94.24 93.02 91.73 90.00 88.42 87.86 86.63 86.24 84.60 83.51 82.97 81.56
0 1.61 84.89 84.81 83.65 82.45 81.02 79.80 79.08 78.09 77.70 76.29 75.35 74.79 73.56
0 1.67 86.14 85.88 84.75 83.80 82.44 80.85 80.25 79.23 78.95 77.55 76.45 75.92 74.59
1 1.74 96.02 95.80 94.70 93.23 91.83 90.19 89.61 88.28 88.02 86.41 85.11 84.28 83.05
1 1.60 94.69 94.49 93.42 91.95 90.40 89.05 88.25 87.20 86.76 85.28 84.12 83.48 82.13
1 1.79 92.35 92.16 90.86 89.84 88.24 86.79 86.02 84.84 84.59 83.03 81.69 81.10 80.00
0 1.71 84.29 84.25 83.05 81.94 80.55 79.06 78.68 77.54 77.25 75.76 74.64 74.24 72.92
0 1.67 85.63 85.47 84.41 83.09 81.95 80.38 79.73 78.75 78.35 76.88 75.75 75.21 74.14
0 1.66 81.95 81.91 80.63 79.53 78.18 76.78 76.46 75.29 74.90 73.57 72.42 71.92 70.98
1 1.72 94.21 94.15 92.83 91.54 89.94 88.35 87.73 86.61 86.21 84.66 83.46 82.84 81.54
0 1.71 85.72 85.50 84.43 83.22 81.77 80.58 79.84 78.62 78.47 77.18 75.86 75.42 74.10
1 1.75 96.28 96.14 94.78 93.52 92.08 90.26 89.67 88.48 88.00 86.66 85.27 84.49 83.46
0 1.60 86.64 86.45 85.33 84.28 82.70 81.33 80.78 79.69 79.42 78.04 76.79 76.18 74.92
0 1.65 87.15 86.95 85.97 84.77 83.17 81.70 81.27 80.10 79.90 78.33 77.12 76.62 75.56
1 1.82 95.74 95.73 94.23 93.18 91.50 89.77 89.24 88.03 87.61 85.98 84.72 84.13 82.92
0 1.60 86.44 86.34 85.06 84.12 82.57 81.16 80.60 79.39 79.01 77.64 76.67 76.00 74.93
0 1.64 85.72 85.65 84.49 83.37 81.94 80.49 79.88 78.79 78.65 77.16 76.00 75.36 74.34
0 1.60 86.33 86.23 85.16 83.99 82.47 81.07 80.42 79.34 79.17 77.69 76.43 75.93 74.91
1 1.79 94.49 94.23 92.96 91.83 90.23 88.83 88.20 87.01 86.69 85.19 83.74 83.31 81.88
1 1.78 99.13 99.05 97.53 96.23 94.80 93.06 92.37 91.16 90.67 89.29 87.89 87.20 85.83
0 1.61 82.45 82.28 81.19 80.24 78.79 77.46 76.72 75.61 75.37 74.02 73.04 72.42 71.25
0 1.64 87.31 87.19 85.87 84.99 83.52 82.09 81.51 80.22 79.97 78.60 77.33 76.88 75.75
0 1.61 84.68 84.53 83.36 82.36 80.78 79.61 78.95 77.74 77.61 76.21 74.90 74.44 73.20
0 1.61 84.93 84.90 83.61 82.58 81.13 79.68 79.16 77.96 77.76 76.53 75.41 74.69 73.54
0 1.63 85.13 84.91 83.88 82.86 81.17 79.76 79.22 78.07 77.94 76.56 75.37 74.69 73.71
1 1.81 92.12 92.02 90.77 89.56 88.07 86.55 85.81 84.51 84.31 82.70 81.54 81.01 79.84
0 1.73 85.22 85.07 84.08 82.88 81.43 79.99 79.60 78.45 77.94 76.66 75.49 75.04 73.72
1 1.73 93.89 93.72 92.47 91.16 89.79 88.25 87.53 86.33 86.05 84.27 83.08 82.47 81.20
0 1.62 84.41 84.41 83.19 81.90 80.67 79.26 78.66 77.60 77.34 75.75 74.69 74.12 73.13
1 1.70 93.67 93.52 92.28 91.11 89.38 88.09 87.50 86.24 85.82 84.22 82.99 82.50 81.27
0 1.70 85.39 85.22 84.04 83.07 81.55 80.11 79.60 78.43 78.14 76.77 75.76 75.21 73.88
1 1.71 97.59 97.34 96.20 94.89 93.16 91.72 90.78 89.59 89.42 87.64 86.44 85.63 84.55
0 1.60 82.29 82.07 81.05 79.91 78.49 77.31 76.77 75.70 75.28 73.98 72.87 72.16 71.19
0 1.61 83.93 83.69 82.73 81.64 80.30 78.75 78.21 77.13 76.90 75.47 74.46 73.78 72.68
0 1.64 82.97 82.72 81.70 80.72 79.29 77.87 77.41 76.22 75.93 74.58 73.66 72.93 71.88
1 1.76 94.78 94.72 93.29 92.12 90.58 88.84 88.34 87.15 86.62 85.24 83.95 83.26 81.97
1 1.73 99.04 98.77 97.69 96.35 94.49 93.10 92.28 91.17 90.79 89.18 87.87 87.17 85.90
0 1.66 83.49 83.27 82.32 81.13 79.63 78.41 77.72 76.66 76.45 75.17 73.89 73.25 72.39
0 1.62 85.57 85.49 84.20 83.13 81.85 80.31 79.72 78.56 78.48 77.06 75.78 75.16 74.01
0 1.70 83.07 83.01 81.76 80.71 79.32 77.98 77.62 76.46 76.15 74.73 73.66 73.04 71.98
1 1.69 96.11 95.99 94.70 93.35 91.75 90.26 89.41 88.44 87.86 86.45 85.12 84.33 83.04
0 1.61 82.31 82.18 81.07 79.87 78.50 77.25 76.60 75.49 75.35 73.98 72.95 72.20 71.15
1 1.77 98.10 97.99 96.67 95.29 93.85 91.91 91.50 90.03 89.79 88.32 86.84 86.17 85.07
0 1.74 82.42 82.38 81.07 80.07 78.78 77.35 76.71 75.77 75.47 74.08 73.08 72.43 71.37
1 1.76 96.00 95.87 94.42 93.32 91.57 90.17 89.62 88.22 87.98 86.37 85.06 84.42 83.15
1 1.74 94.35 94.26 92.91 91.75 90.13 88.63 87.85 86.80 86.49 84.72 83.63 82.88 81.72
0 1.62 84.66 84.41 83.51 82.40 80.85 79.48 78.94 77.82 77.50 76.31 75.20 74.37 73.47
1 1.78 94.03 94.03 92.66 91.47 89.94 88.22 87.73 86.31 86.05 84.55 83.36 82.54 81.37
0 1.62 84.04 83.94 82.66 81.71 80.24 78.91 78.22 77.18 77.04 75.56 74.40 74.05 72.92
0 1.61 82.14 81.91 80.85 79.86 78.37 77.13 76.58 75.36 75.16 73.90 72.68 72.18 71.15
1 1.76 97.95 97.92 96.34 95.30 93.57 91.84 91.14 89.92 89.59 88.02 86.69 85.92 84.77
0 1.67 83.94 83.92 82.57 81.44 80.27 78.78 78.26 77.06 76.78 75.39 74.45 73.68 72.75
1 1.84 97.57 97.27 96.23 94.69 93.30 91.58 91.09 89.60 89.34 87.81 86.51 85.67 84.52
1 1.80 95.02 95.00 93.70 92.28 90.88 89.18 88.54 87.17 86.81 85.48 84.19 83.50 82.24
1 1.72 95.78 95.51 94.44 93.26 91.45 89.94 89.30 88.14 87.66 86.09 84.97 84.34 83.13
0 1.63 84.69 84.58 83.44 82.39 81.00 79.52 78.86 77.84 77.55 76.10 75.05 74.58 73.43
1 1.69 96.50 96.27 94.93 93.77 92.13 90.47 89.99 88.58 88.26 86.88 85.55 84.91 83.69
0 1.67 84.72 84.50 83.44 82.34 80.90 79.62 78.92 77.95 77.52 76.22 75.09 74.44 73.33
0 1.71 84.48 84.43 83.12 82.07 80.71 79.26 78.72 77.63 77.28 75.86 74.75 74.30 73.19
0 1.57 85.45 85.36 84.05 83.14 81.73 80.23 79.54 78.66 78.30 76.72 75.58 75.21 74.11
0 1.71 83.18 82.99 82.06 80.74 79.43 78.07 77.58 76.42 76.32 74.73 73.88 73.19 72.03
1 1.82 93.89 93.72 92.64 91.18 89.65 88.11 87.65 86.41 85.83 84.25 83.21 82.55 81.39
1 1.75 96.16 96.10 94.68 93.42 91.81 90.19 89.67 88.24 87.84 86.51 85.12 84.34 83.06
1 1.68 93.24 93.23 91.91 90.45 89.18 87.50 86.82 85.77 85.23 83.78 82.49 82.04 80.79
0 1.63 86.44 86.22 85.02 84.01 82.46 81.15 80.51 79.58 79.08 77.81 76.49 76.07 74.81
0 1.71 82.55 82.31 81.45 80.32 78.77 77.40 76.87 75.78 75.57 74.11 72.97 72.46 71.36
0 1.57 84.91 84.81 83.53 82.63 81.07 79.85 79.19 78.11 77.70 76.31 75.34 74.87 73.60
0 1.64 86.70 86.68 85.48 84.26 82.76 81.51 80.82 79.75 79.44 78.03 76.76 76.33 75.18
0 1.66 83.76 83.53 82.53 81.36 79.99 78.54 78.13 77.01 76.70 75.40 74.17 73.54 72.48
1 1.71 93.30 93.10 91.98 90.76 89.07 87.56 86.88 85.74 85.51 83.93 82.67 82.11 80.89
1 1.76 97.31 97.18 96.03 94.66 92.89 91.37 90.63 89.48 89.02 87.62 86.42 85.64 84.38
0 1.71 86.14 85.93 84.73 83.71 82.17 80.77 80.41 79.25 78.76 77.57 76.44 75.85 74.65
0 1.60 86.32 86.06 84.92 83.78 82.43 81.01 80.52 79.28 79.03 77.57 76.63 75.83 74.87
1 1.79 97.73 97.63 96.41 94.86 93.24 91.67 91.11 89.91 89.59 87.89 86.56 85.74 84.59
0 1.71 87.40 87.38 86.24 84.94 83.51 81.98 81.61 80.30 80.08 78.50 77.61 77.02 75.75
1 1.81 95.82 95.67 94.31 93.22 91.69 89.98 89.37 88.19 87.65 86.19 84.85 84.22 82.87
0 1.67 83.99 83.77 82.70 81.70 80.19 78.89 78.23 77.32 77.04 75.42 74.51 73.91 72.79
1 1.65 95.52 95.43 94.18 92.75 91.07 89.73 89.08 87.87 87.28 85.80 84.65 83.87 82.50
1 1.75 97.35 97.10 96.02 94.68 92.89 91.22 90.85 89.27 89.26 87.38 86.09 85.56 84.31
0 1.63 83.98 83.92 82.69 81.63 80.34 78.73 78.41 77.07 76.81 75.45 74.48 73.88 72.89
0 1.66 82.80 82.64 81.55 80.46 79.14 77.79 77.08 76.18 75.87 74.42 73.48 72.91 71.87
0 1.69 82.79 82.61 81.53 80.41 79.07 77.64 77.16 76.01 75.69 74.45 73.31 72.78 71.63
0 1.64 85.60 85.58 84.40 83.07 81.66 80.32 79.76 78.67 78.37 76.81 75.86 75.10 73.99
1 1.79 99.22 99.22 97.59 96.57 94.68 93.11 92.53 91.19 90.75 89.16 87.91 87.46 86.15
1 1.71 95.01 94.96 93.72 92.30 90.67 89.05 88.55 87.41 87.05 85.47 83.98 83.36 82.28
1 1.75 95.27 95.25 93.99 92.57 90.87 89.37 88.78 87.43 87.18 85.67 84.49 83.85 82.53
1 1.73 95.55 95.28 94.26 92.78 91.28 89.59 89.04 88.00 87.62 85.97 84.61 83.96 82.72
1 1.76 94.36 94.08 92.85 91.68 90.03 88.69 88.07 86.77 86.30 84.71 83.41 83.01 81.57
