95
1
99
7
33
70
86
37
41
75
5
65
46
28
2
67
38
2
7
99
81
81
5
18
21
56
25
0
92
22
34
39
37
27
80
2
13
92
38
93
53
53
21
68
83
0
89
93
47
68
49
91
88
15
85
1
99
78
28
67
0
98
20
80
38
75
71
24
62
88
11
43
69
21
49
35
38
44
85
52
21
65
20
5
76
51
39
96
28
73
49
6
7
67
18
3
76
33
25
46
68
13
33
36
33
3
52
35
97
95
53
36
95
70
12
48
24
92
84
34
63
71
34
73
67
65
80
30
73
61
31
71
39
11
96
92
63
64
75
73
6
93
37
6
1
61
51
66
93
17
98
62
73
79
13
61
77
13
49
82
13
92
31
59
70
54
29
3
4
34
0
19
45
50
13
24
59
35
9
51
22
18
12
9
24
73
75
5
81
56
87
49
21
16
73
45
84
25
91
15
33
16
70
13
72
64
57
80
20
73
34
11
95
40
31
75
23
70
45
22
27
5
98
65
61
12
57
39
34
88
17
25
1
50
91
68
53
82
92
77
92
52
47
32
49
68
13
67
32
85
43
38
75
40
75
38
18
73
31
86
4
73
49
81
57
7
51
7
56
13
77
60
71
14
54
54
78
10
95
45
15
54
51
21
61
77
10
16
64
86
23
98
46
26
15
69
84
96
87
58
6
97
86
3
45
83
36
82
76
26
83
29
41
97
9
94
6
13
44
79
36
50
72
91
95
86
77
96
43
84
43
17
85
70
24
52
90
42
64
41
24
55
10
30
80
56
34
42
29
31
47
65
90
3
9
10
13
2
52
2
6
12
64
63
65
91
87
47
71
32
52
90
78
61
1
51
22
85
17
79
20
14
97
67
54
41
14
13
88
91
5
77
87
19
66
58
48
74
49
21
11
9
98
29
69
51
23
76
80
57
13
47
89
47
70
57
85
92
30
9
4
59
97
5
36
32
28
24
52
43
88
15
81
28
36
83
49
77
30
30
66
74
20
47
37
39
61
4
66
34
17
4
22
51
79
84
17
97
76
90
49
58
19
38
2
87
47
83
83
58
47
24
49
99
17
50
24
8
88
78
19
61
31
46
90
66
30
95
79
79
32
8
52
78
69
40
96
8
77
6
41
63
64
96
36
5
5
55
99
46
30
91
53
10
54
47
37
75
12
30
82
31
26
62
94
13
23
91
9
54
90
15
24
42
16
99
71
68
33
52
95
61
53
54
92
57
63
55
20
48
7
5
96
22
6
21
31
60
19
38
93
99
6
2
76
21
12
36
43
54
6
26
80
49
96
20
36
97
23
6
63
98
24
73
45
74
77
37
8
2
92
26
22
71
88
43
43
19
7
11
16
94
85
24
89
58
67
18
86
49
97
70
26
7
16
43
11
58
22
75
22
96
92
17
81
83
27
99
10
90
86
6
42
81
90
87
85
64
41
8
61
22
34
35
32
95
30
91
22
82
82
71
18
4
2
65
24
42
56
78
95
40
66
55
75
0
49
99
57
52
57
89
58
11
64
12
74
37
42
40
88
18
94
28
91
24
49
97
94
76
78
44
75
63
72
40
65
93
96
29
37
27
12
5
65
26
89
26
37
38
77
54
55
84
98
99
45
81
4
0
67
47
4
93
99
32
6
24
90
13
78
15
81
19
55
56
20
36
43
57
12
47
65
49
75
40
50
40
10
1
16
51
15
13
16
3
36
74
38
97
97
0
47
80
36
99
42
95
48
28
0
25
53
85
77
17
93
12
65
86
22
16
1
9
64
74
25
48
68
21
49
69
81
49
43
10
71
95
22
92
20
63
8
73
15
10
68
17
71
66
83
29
64
35
41
72
7
80
45
41
92
20
83
53
72
95
79
78
56
47
28
70
85
40
27
83
10
30
66
11
44
25
42
8
75
87
63
59
63
48
84
31
7
78
10
19
38
39
69
89
51
28
88
22
10
27
82
94
65
9
75
12
67
86
2
54
10
18
85
86
68
83
93
8
46
86
44
6
71
94
52
38
69
32
8
18
47
63
44
32
34
83
96
4
93
49
4
13
39
22
0
74
46
70
12
64
76
95
7
45
63
45
1
15
48
54
1
98
50
73
43
16
64
72
74
89
80
94
97
1
36
91
24
83
51
92
2
11
85
44
49
18
10
33
5
14
34
52
27
17
89
48
66
67
57
86
49
5
85
98
82
40
33
96
70
91
67
59
41
70
65
26
6
72
99
42
32
29
5
43
27
9
81
66
5
87
40
19
59
55
